N=2 
1024 shot
No_Transpile: {0.9072265625, 0.302734375, 0.24609375, 0.9169921875, 0.2880859375, 0.248046875} 5d3f16a634937d0075bb04a9
Transpile: {0.9130859375, 0.2978515625, 0.255859375, 0.919921875, 0.3203125, 0.28515625} 5d3f1355a99e6e0072a287d2
Transpile_user: {0.9189453125, 0.3388671875, 0.2763671875, 0.916015625, 0.31640625, 0.240234375} 5d3f1594d8bac900728f3b94

8192 shot
Simulation: {1.0, 0.2607421875, 0.24609375, 1.0, 0.2529296875, 0.2822265625}

No_Transpile: {0.8961181640625, 0.3009033203125, 0.2689208984375, 0.904541015625, 0.3109130859375, 0.262939453125}
JOB ID: 5d3f1833e454ab0078ec72cc

Transpile: {0.8907470703125, 0.2939453125, 0.26904296875, 0.8948974609375, 0.3101806640625, 0.2646484375}
JOB ID: 5d3f18c6d8bac900728f3b96

Transpile_user: {0.8997802734375, 0.2940673828125, 0.2628173828125, 0.902587890625, 0.299072265625, 0.2606201171875}
JOB ID: 5d3f19538968ca0073ef7443